96;24;205.48
64 0 8 MD
55 0 16 MG
52 0 16 MG
71 8 16 MD
71 16 28 MD
55 16 32 MG
59 16 32 MG
69 28 30 MD
62 30 32 MD
67 32 40 MD
57 32 48 MG
62 32 48 MG
66 40 48 MD
64 48 56 MD
60 48 56 MD
48 48 56 MG
55 48 56 MG
66 56 64 MD
62 56 64 MD
57 56 64 MG
50 56 64 MG
64 64 68 MD
52 64 68 MG
59 68 72 MD
64 72 80 MD
71 72 80 MD
74 80 92 MD
55 80 84 MG
59 84 88 MG
62 88 96 MG
71 92 94 MD
67 94 96 MD
69 96 100 MD
50 96 100 MG
62 100 104 MD
57 100 104 MG
67 104 108 MD
62 104 112 MG
66 108 112 MD
60 112 120 MD
64 112 120 MD
48 112 116 MG
55 116 120 MG
62 120 128 MD
66 120 128 MD
50 120 124 MG
57 124 128 MG
64 128 136 MD
40 128 132 MG
47 132 136 MG
71 136 144 MD
52 136 144 MG
71 144 156 MD
43 144 148 MG
50 148 152 MG
55 152 160 MG
69 156 158 MD
62 158 160 MD
67 160 168 MD
38 160 164 MG
45 164 168 MG
66 168 176 MD
50 168 176 MG
64 176 184 MD
36 176 180 MG
43 180 184 MG
66 184 192 MD
38 184 188 MG
45 188 192 MG
64 192 200 MD
40 192 196 MG
47 196 200 MG
71 200 208 MD
52 200 204 MG
47 204 208 MG
74 208 220 MD
43 208 212 MG
50 212 216 MG
55 216 224 MG
71 220 222 MD
67 222 224 MD
69 224 228 MD
38 224 228 MG
62 228 232 MD
45 228 232 MG
67 232 236 MD
50 232 236 MG
66 236 240 MD
45 236 240 MG
64 240 248 MD
60 240 248 MD
55 240 248 MD
36 240 242 MG
43 242 244 MG
48 244 246 MG
43 246 248 MG
66 248 256 MD
62 248 256 MD
57 248 256 MD
38 248 250 MG
45 250 252 MG
50 252 254 MG
45 254 256 MG
64 256 262 MD
40 256 258 MG
47 258 260 MG
54 260 264 MG
66 262 264 MD
67 264 268 MD
55 264 272 MG
66 268 270 MD
64 270 272 MD
62 272 276 MD
43 272 274 MG
50 274 276 MG
74 276 280 MD
55 276 278 MG
57 278 280 MG
71 280 284 MD
59 280 288 MG
69 284 286 MD
67 286 288 MD
69 288 294 MD
38 288 290 MG
45 290 292 MG
50 292 296 MG
71 294 296 MD
69 296 300 MD
57 296 304 MG
67 300 302 MD
66 302 304 MD
55 304 312 MD
60 304 312 MD
64 304 312 MD
36 304 306 MG
43 306 308 MG
48 308 310 MG
43 310 312 MG
57 312 320 MD
62 312 320 MD
66 312 320 MD
38 312 314 MG
45 314 316 MG
50 316 318 MG
45 318 320 MG
64 320 326 MD
40 320 322 MG
47 322 324 MG
54 324 328 MG
66 326 328 MD
67 328 332 MD
55 328 336 MG
66 332 334 MD
64 334 336 MD
59 336 340 MD
55 336 340 MD
62 336 340 MD
31 336 338 MG
38 338 340 MG
74 340 344 MD
71 340 344 MD
43 340 342 MG
47 342 344 MG
71 344 348 MD
67 344 348 MD
50 344 352 MG
69 348 350 MD
67 350 352 MD
69 352 358 MD
38 352 354 MG
45 354 356 MG
50 356 358 MG
71 358 360 MD
45 358 360 MG
69 360 361 MD
71 360 361 MD
50 360 368 MG
69 361 364 MD
67 364 366 MD
66 366 368 MD
60 368 372 MD
55 368 372 MD
64 368 372 MD
36 368 370 MG
43 370 372 MG
48 372 376 MG
66 374 375 MD
67 375 376 MD
66 376 380 MD
38 376 378 MG
45 378 380 MG
62 380 384 MD
50 380 384 MG
64 384 390 MD
59 384 390 MD
55 384 390 MD
28 384 386 MG
35 386 388 MG
40 388 390 MG
66 390 392 MD
47 390 392 MG
67 392 396 MD
52 392 394 MG
47 394 396 MG
66 396 398 MD
52 396 398 MG
64 398 400 MD
47 398 400 MG
59 400 404 MD
55 400 404 MD
62 400 404 MD
31 400 402 MG
38 402 404 MG
74 404 408 MD
71 404 408 MD
43 404 406 MG
47 406 408 MG
71 408 412 MD
50 408 410 MG
47 410 412 MG
69 412 414 MD
50 412 414 MG
67 414 416 MD
47 414 416 MG
69 416 422 MD
66 416 422 MD
26 416 418 MG
33 418 420 MG
38 420 422 MG
71 422 424 MD
45 422 424 MG
69 424 428 MD
50 424 426 MG
45 426 428 MG
67 428 430 MD
50 428 430 MG
66 430 432 MD
45 430 432 MG
64 432 440 MD
55 432 440 MD
60 432 440 MD
24 432 434 MG
31 434 436 MG
36 436 438 MG
40 438 440 MG
66 440 448 MD
62 440 448 MD
57 440 448 MD
26 440 442 MG
33 442 444 MG
38 444 446 MG
42 446 448 MG
64 448 454 MD
59 448 454 MD
55 448 454 MD
28 448 450 MG
35 450 452 MG
40 452 454 MG
66 454 456 MD
47 454 456 MG
67 456 460 MD
52 456 458 MG
47 458 460 MG
66 460 462 MD
52 460 462 MG
64 462 464 MD
47 462 464 MG
62 464 466 MD
59 464 466 MD
31 464 466 MG
55 466 468 MD
59 466 468 MD
38 466 468 MG
74 468 472 MD
71 468 472 MD
43 468 470 MG
47 470 472 MG
67 472 476 MD
71 472 476 MD
50 472 474 MG
47 474 476 MG
69 476 478 MD
50 476 478 MG
67 478 480 MD
47 478 480 MG
69 480 486 MD
66 480 486 MD
62 480 486 MD
26 480 482 MG
33 482 484 MG
38 484 486 MG
71 486 488 MD
45 486 488 MG
69 488 489 MD
71 488 489 MD
50 488 490 MG
69 489 492 MD
45 490 492 MG
67 492 494 MD
50 492 494 MG
66 494 496 MD
45 494 496 MG
55 496 502 MD
60 496 502 MD
64 496 502 MD
24 496 498 MG
31 498 500 MG
36 500 504 MG
66 502 503 MD
67 503 504 MD
66 504 508 MD
62 504 508 MD
57 504 508 MD
26 504 506 MG
33 506 508 MG
62 508 512 MD
57 508 512 MD
38 508 512 MG
64 512 514 MD
40 512 528 MG
47 512 528 MG
43 512 528 MG
66 514 515 MD
64 515 516 MD
62 516 518 MD
59 518 520 MD
57 520 522 MD
59 522 523 MD
62 523 524 MD
64 524 526 MD
62 526 528 MD
64 528 530 MD
43 528 544 MG
47 528 544 MG
38 528 544 MG
66 530 531 MD
64 531 532 MD
62 532 534 MD
59 534 536 MD
57 536 538 MD
59 538 539 MD
62 539 540 MD
67 540 542 MD
66 542 544 MD
64 544 546 MD
45 544 560 MG
38 544 560 MG
42 544 560 MG
66 546 547 MD
64 547 548 MD
62 548 550 MD
59 550 552 MD
57 552 554 MD
59 554 555 MD
62 555 556 MD
64 556 558 MD
62 558 560 MD
67 560 562 MD
43 560 568 MG
40 560 568 MG
36 560 568 MG
66 562 563 MD
64 563 564 MD
66 564 566 MD
64 566 567 MD
62 567 568 MD
59 568 569 MD
38 568 576 MG
42 568 576 MG
45 568 576 MG
62 569 570 MD
64 570 571 MD
62 571 572 MD
67 572 574 MD
66 574 576 MD
76 576 578 MD
52 576 592 MG
55 576 592 MG
59 576 592 MG
78 578 579 MD
76 579 580 MD
74 580 582 MD
71 582 584 MD
69 584 586 MD
71 586 587 MD
74 587 588 MD
76 588 590 MD
74 590 592 MD
76 592 594 MD
55 592 608 MG
59 592 608 MG
62 592 608 MG
78 594 595 MD
76 595 596 MD
74 596 598 MD
71 598 600 MD
69 600 602 MD
71 602 603 MD
74 603 604 MD
79 604 606 MD
78 606 608 MD
76 608 610 MD
54 608 624 MG
57 608 624 MG
62 608 624 MG
78 610 611 MD
76 611 612 MD
74 612 614 MD
71 614 616 MD
69 616 618 MD
71 618 619 MD
74 619 620 MD
76 620 622 MD
74 622 624 MD
79 624 626 MD
60 624 632 MG
64 624 632 MG
55 624 632 MG
78 626 627 MD
76 627 628 MD
78 628 630 MD
76 630 631 MD
74 631 632 MD
71 632 633 MD
62 632 640 MG
59 632 640 MG
54 632 640 MG
74 633 634 MD
76 634 635 MD
74 635 636 MD
79 636 638 MD
78 638 640 MD
76 640 656 MD
28 640 644 MG
35 644 648 MG
40 648 652 MG
47 652 656 MG
52 656 672 MG
